164 -8347
165 -9302
166 -10731
167 -11335
168 -11474
169 -11238
170 -10585
171 -10789
172 -10656
173 -10761
174 -10679
175 -10577
176 -10488
177 -10427
178 -10415
179 -10307
180 -10186
181 -9867
182 -9662
183 -9500
184 -9515
185 -9729
186 -10135
187 -10323
188 -10594
189 -10655
190 -10388
191 -9151
279 -8077
280 -8920
281 -9459
282 -10071
283 -10614
284 -11014
285 -11158
286 -11833
287 -11720
288 -11640
289 -11401
290 -10959
291 -10768
292 -10719
293 -10747
294 -10741
295 -10490
296 -10522
297 -10502
298 -10654
299 -10722
300 -11021
301 -11353
302 -11961
303 -12142
304 -11692
305 -10891
306 -9431
307 -8659
387 -8371
388 -8798
389 -8870
390 -9395
391 -9997
392 -10823
393 -11191
394 -11611
395 -12022
396 -12648
397 -12520
398 -12451
399 -12127
400 -11549
401 -11310
402 -11218
403 -11230
404 -11181
405 -11041
406 -10680
407 -10464
408 -10157
409 -10116
410 -10304
411 -10507
412 -10858
413 -11222
414 -11348
415 -11341
416 -10387
417 -9313
505 -8522
506 -9447
507 -10162
508 -10360
509 -10915
510 -11132
511 -11606
512 -11817
513 -11824
514 -11825
515 -11736
516 -11606
517 -11477
518 -11402
519 -11105
520 -10743
521 -10120
522 -9844
523 -9854
524 -10064
525 -10502
526 -10654
527 -10873
528 -10985
529 -11077
530 -10847
531 -9633
532 -8487
624 -8601
625 -9466
626 -9849
627 -10358
628 -10892
629 -11583
630 -11887
631 -11728
632 -11385
633 -10833
634 -10447
635 -10069
636 -9809
637 -9223
638 -8758
639 -8265
640 -8281
641 -8540
642 -8936
643 -9288
644 -9249
645 -8739
646 -8318
