0 196
1 269
2 333
3 377
4 394
5 410
6 415
7 521
8 584
9 753
10 954
19 624
20 483
21 378
22 108
23 -380
24 -526
25 -737
26 -938
75 -626
108 985
128 889
129 694
130 658
131 830
132 796
133 974
134 943
220 441
221 583
222 601
223 744
224 895
225 856
226 931
229 888
230 908
231 934
236 984
237 981
238 919
239 848
240 655
241 600
242 620
243 615
244 779
245 904
334 447
335 569
336 772
337 953
385 -822
443 305
444 233
445 208
446 339
447 423
448 697
449 927
469 963
470 915
471 991
499 -63
558 -232
559 -47
560 86
561 307
562 297
563 495
564 461
565 508
566 497
567 412
568 373
569 397
570 482
571 564
572 529
573 456
574 384
575 368
576 307
577 191
578 123
579 80
580 56
581 149
582 206
583 285
584 372
585 596
586 816
587 969
681 192
682 397
683 237
684 251
685 159
686 113
687 42
688 2
689 -33
690 -44
691 -102
692 -121
693 -103
694 -71
695 -82
696 -70
697 -56
698 -60
699 -39
700 -47
701 -54
702 -56
703 -50
704 -38
705 -18
706 0
707 27
708 29
709 79
710 96
711 106
712 83
713 -11
714 -32
715 -24
716 -21
717 -56
718 -102
719 -138
720 -159
721 -80
722 -78
723 -73
724 6
725 82
726 118
727 144
728 138
729 99
730 62
731 13
732 -13
733 -54
734 -65
735 -38
736 34
737 89
738 88
739 99
740 91
741 68
742 57
743 55
744 38
745 33
746 26
747 48
748 71
749 136
750 139
751 151
752 111
753 86
754 82
755 69
756 33
757 14
758 -6
759 -23
760 -7
761 -3
762 4
763 -8
764 -40
765 -86
766 -135
767 -178
768 -247
769 -258
770 -294
771 -294
772 -274
773 -247
774 -183
775 -181
776 -129
777 -118
778 -125
779 -127
780 -122
781 -115
782 -110
783 -108
784 -107
785 -118
786 -80
787 -65
788 -66
789 -68
790 -51
791 -38
792 -35
793 -31
794 -36
795 -33
796 -35
797 -31
798 -22
799 -29
800 -17
801 -24
802 -14
803 -15
804 -10
805 0
806 -12
807 -14
808 -31
809 -42
810 -58
811 -56
812 -51
813 -14
814 3
815 25
816 27
817 46
818 47
819 52
820 67
821 59
822 64
823 72
824 87
825 84
826 110
827 125
828 115
829 113
830 93
831 103
832 101
833 118
834 104
835 105
836 83
837 90
838 109
839 112
840 123
841 105
842 102
843 88
844 82
845 78
846 71
847 48
848 36
849 25
850 50
851 64
852 79
853 77
854 71
855 53
856 54
857 47
858 31
859 28
860 -1
