196 610 7006
269 562 7076
333 526 7008
377 596 7002
394 566 6954
410 586 6950
415 562 6918
521 414 7164
584 206 7074
753 748 6814
954 314 7356
1024 730 6930
1179 796 7390
1285 1064 6918
1390 1416 7584
1561 1572 7408
1472 636 7950
1383 586 7784
1096 1960 9076
624 2538 9450
483 2946 9848
378 2818 10790
108 3242 10774
-380 3618 10192
-526 3862 9814
-737 3582 10214
-938 3214 10330
-1299 2836 10342
-1584 2490 10342
-1953 2562 10032
-2090 2702 9538
-2209 2210 9302
-2190 2398 9308
-2260 2228 9496
-2359 2266 9214
-2415 2330 8710
-2348 2404 8034
-2125 2440 7848
-2053 2310 8662
-2230 2716 9046
-2387 3264 8740
-2412 3310 8154
-2318 3264 7890
-2194 3046 8112
-2178 2774 8436
-2258 2654 8402
-2283 2444 7956
-2158 2362 7564
-2022 2020 7364
-1844 1846 7714
-1877 1862 8620
-2125 2000 8792
-2231 2204 8190
-2193 1996 7746
-2075 1684 7610
-1960 1578 8018
-1983 1652 8190
-2050 1610 8224
-2081 1364 8088
-2124 1016 7680
-2108 732 7546
-2081 488 7648
-2190 256 8028
-2470 332 7844
-2644 248 7484
-2759 42 6600
-2775 -194 6108
-2765 -312 6208
-2849 -240 5790
-2964 -202 5118
-2889 -92 3804
-2497 200 3054
-2168 918 2118
-1598 1308 1616
-1237 1902 1172
-626 2100 514
-46 2600 -386
988 2958 -646
1565 2494 -34
2308 2606 316
2803 2376 524
3622 2324 1558
4472 2576 16390
4764 17872 24848
5923 -5450 -2030
6825 -14678 2750
7394 -14836 15342
6933 -2970 13726
5721 5894 10624
5196 3676 9766
4507 864 10136
4553 2500 8048
3247 6298 7718
2651 -106 9470
1828 -334 6856
1709 1966 8422
1585 1276 7638
1582 1460 7490
1689 704 7598
1365 -2334 7228
1195 -252 7690
1336 -498 7728
1535 394 8406
1644 1916 9674
1562 1422 7168
1373 1666 7440
1035 1688 6228
985 274 7192
1086 506 6772
1115 230 6946
1060 706 6806
1122 822 6996
1171 742 7020
1211 702 7126
1432 934 7146
1379 836 6660
1302 684 6642
1250 548 6462
1216 730 6398
1195 732 6502
1116 704 6518
1061 752 6600
1049 1070 6422
1034 1178 6234
1074 1254 6214
1098 1276 5936
1028 640 6290
889 918 5824
694 946 6046
658 1530 6592
830 694 6692
796 520 6540
974 1160 6816
943 1028 6908
1245 458 6438
1540 154 6352
1856 490 6572
2213 656 5996
2855 836 6616
3476 1132 6584
4749 -72 7602
5575 398 7034
6894 622 7332
7801 692 7242
9141 746 7802
9786 1816 7928
11424 920 7116
12259 564 8060
13877 516 7736
16802 -344 4982
17077 3414 10008
16790 2660 10972
15845 2338 12276
14009 3958 12000
12066 3188 19398
10464 626 15648
7597 1674 17762
4386 16638 23064
1443 17808 32767
-4844 9858 23898
-7328 7658 16892
-7978 4040 10668
-7763 3786 10012
-8347 3684 10002
-9302 3960 10498
-10731 4288 9228
-11335 4274 7348
-11474 3340 4904
-11238 2662 3886
-10585 1986 5706
-10789 1450 5718
-10656 1646 6698
-10761 1952 6712
-10679 2074 7472
-10577 2114 7690
-10488 1688 8588
-10427 1492 8820
-10415 638 9402
-10307 616 8954
-10186 -60 9522
-9867 -624 9906
-9662 -1144 10646
-9500 -1172 11866
-9515 -1054 13382
-9729 -686 14042
-10135 358 14588
-10323 1136 14350
-10594 1248 13414
-10655 1420 12078
-10388 294 6418
-9151 -878 2612
-7959 -2910 -1216
-6722 -6134 -2642
-5578 -5212 -7230
-4654 -4580 -12028
-2075 -5464 -15406
84 -5386 -13478
2598 -4404 -6226
3295 -4546 -622
3346 -864 3070
6172 -456 -12810
7640 7920 2688
7854 6606 14182
10646 -8738 2202
11274 -9064 18188
9990 -6980 21696
9199 3274 10822
7825 8054 11164
5381 32 8114
4537 -472 10720
3444 390 9858
2723 300 6844
2086 -1344 8220
1433 2006 8132
1000 808 6938
864 -440 7826
625 1178 7420
511 60 7570
441 28 7410
583 302 7142
601 796 7406
744 576 7308
895 796 7282
856 1144 7374
931 1352 7146
1032 954 6990
1017 -38 7190
888 260 7028
908 156 6970
934 334 7016
1008 584 6882
1069 560 6840
1075 458 6742
1049 526 6548
984 810 6700
981 772 6530
919 1704 6394
848 798 6356
655 572 6542
600 446 6596
620 58 6466
615 128 7046
779 266 6574
904 564 6458
1207 688 6488
1396 472 6720
1822 726 6710
2114 390 7210
2754 618 6848
3421 428 6650
3932 722 6544
4143 864 6328
4598 594 6748
5200 512 6710
6073 -492 7824
6686 228 7822
8501 786 7448
9437 1056 6690
11130 1464 7012
12360 1906 6672
13955 3182 6502
13644 850 3844
17268 2422 6940
17254 3584 7930
17019 1934 12958
15964 4146 10650
13789 8742 17642
11449 -1516 9758
9684 -948 20222
6646 10158 25558
6589 15154 32767
1292 14796 32767
-3179 9622 20996
-6033 7214 15628
-6736 4730 10402
-6961 3562 8032
-7460 2834 7850
-8077 3142 7768
-8920 3644 7380
-9459 3538 6830
-10071 3236 6784
-10614 2894 6562
-11014 3592 7066
-11158 2178 6758
-11833 2038 5030
-11720 2700 6176
-11640 2798 5166
-11401 2760 5484
-10959 2464 5990
-10768 2540 7284
-10719 2604 8370
-10747 2980 9018
-10741 3782 9574
-10490 3112 10800
-10522 1850 11670
-10502 1478 13052
-10654 1008 14214
-10722 618 15186
-11021 704 16400
-11353 1836 17662
-11961 2622 16072
-12142 1820 11408
-11692 278 7268
-10891 -4142 -150
-9431 -9286 -4818
-8659 -11260 -13132
-6885 -7496 -17974
-4548 -4824 -20612
-32 -3296 -19094
2753 -3936 -12442
5148 -4816 -2008
5219 -5626 3958
4106 -5452 5888
2979 -646 7476
4261 20096 32767
7385 8220 -4992
11183 -8270 -380
12238 -10564 16630
10848 -8238 24248
9793 1482 13650
9000 8666 11448
4320 -10176 11362
3651 -3720 8760
2286 4910 9138
1472 -1106 10626
852 630 7068
549 746 7624
228 1084 8150
173 778 7464
236 430 7394
309 514 7116
447 1116 7180
569 492 7368
772 -248 7480
953 2182 8192
1130 1094 7122
1129 1404 7100
1179 1134 7148
1220 1166 7124
1369 792 7106
1412 16 6832
1547 488 7480
1568 472 6962
1535 326 6652
1568 590 6714
1556 1202 6604
1546 878 6870
1444 1054 6422
1362 912 6472
1300 1204 6318
1314 640 6218
1298 454 6436
1104 228 6460
1101 390 6512
1266 668 6632
1480 810 6400
1675 524 6592
1961 720 6612
2249 564 6532
2688 790 6502
3288 1106 6304
3565 596 6618
3837 558 6656
4547 760 6490
5031 796 6450
6536 -24 6314
7325 330 8148
8612 -124 5386
9475 2600 9096
10924 2154 8320
11696 -244 8784
13154 574 8152
16376 3304 8824
17457 4094 9018
17686 3712 6638
17669 3990 13684
16661 4250 8378
14996 5110 18282
13245 -310 12768
10243 1282 20106
7172 4748 20288
4718 12346 25866
-822 14896 32767
-6223 11922 24384
-8371 8810 15064
-8798 5794 11032
-8870 3614 8188
-9395 3686 7392
-9997 3616 7496
-10823 3866 7124
-11191 4292 6390
-11611 4708 6440
-12022 3554 5470
-12648 3942 7010
-12520 3362 5174
-12451 2898 4720
-12127 2266 4300
-11549 2174 5068
-11310 2932 6516
-11218 3396 7674
-11230 3908 8240
-11181 4024 8538
-11041 4344 9296
-10680 2960 9540
-10464 1156 10630
-10157 192 12134
-10116 158 13428
-10304 604 14428
-10507 1286 15088
-10858 1372 15620
-11222 2200 14078
-11348 680 11340
-11341 -184 5984
-10387 -1816 2306
-9313 -4522 -2874
-7728 -8086 -5234
-7073 -6900 -12188
-5337 -5094 -16232
-3028 -3518 -18928
1335 -2490 -17128
3579 -2768 -7590
4729 -3042 -616
4202 -3098 4574
3231 -60 5218
3183 2330 5088
5148 9178 21476
8356 4898 -7330
10212 -12220 -454
11662 -17934 13552
10718 -3228 15058
9179 10126 9912
8271 15920 8852
4791 -10278 10936
3688 -9340 5774
2283 8070 8680
1572 -1102 7904
816 -200 9358
569 1574 7998
366 722 7678
305 1614 7402
233 322 7768
208 652 7406
339 128 7386
423 650 7312
697 254 7260
927 280 7232
1331 670 6990
1364 1058 7248
1544 928 6950
1503 1642 7176
1488 1138 7052
1791 884 7324
2180 494 7200
2108 302 6766
2005 1428 6370
1906 938 6334
1862 1306 6520
1801 1204 6178
1788 1214 6436
1812 1066 6140
1641 1016 6138
1408 1006 6180
1325 962 6158
1239 878 5880
1132 760 6188
963 622 6138
915 612 6316
991 882 6660
1297 716 6518
1522 842 6486
1752 228 6206
2001 514 6268
2249 872 6346
2665 992 6488
2970 866 6462
3470 338 6596
4425 -514 8820
5225 -374 6806
5908 -132 6796
7182 642 6472
7866 1752 7038
9116 1232 8310
9978 1726 11202
11546 968 5832
12295 -1270 18452
15937 130 9874
16315 3980 7874
17234 4256 6810
17051 2314 12412
15627 5804 9526
13660 5222 13030
11601 1502 14208
9053 1264 16224
5838 2794 19244
6593 13570 32746
-63 12232 27210
-3419 11918 21592
-6161 8464 12458
-6336 5588 9034
-6407 2998 7920
-7050 3012 7900
-8522 3190 8114
-9447 3652 7302
-10162 4172 6006
-10360 4398 5990
-10915 3784 4846
-11132 3254 6668
-11606 2768 6076
-11817 2558 6436
-11824 2148 6252
-11825 2122 6430
-11736 2290 6738
-11606 2722 7128
-11477 3194 8676
-11402 2680 8764
-11105 1976 7836
-10743 2446 8958
-10120 2476 10340
-9844 2868 12212
-9854 2820 15262
-10064 2392 16554
-10502 1346 16274
-10654 578 14970
-10873 1026 12416
-10985 2058 10852
-11077 930 6334
-10847 -1074 2138
-9633 -5622 -4216
-8487 -11410 -8568
-7371 -8738 -15660
-6511 -7188 -18234
-3866 -4520 -19568
386 -2566 -17222
3039 -1272 -10822
4885 -1302 -3478
4888 -4332 6558
5875 -5486 13046
7912 8694 -466
7854 -7614 7588
12114 -18676 3730
12493 -7904 21012
10837 3702 13902
9139 21898 20410
4050 -18282 15788
2660 6292 6130
1898 10036 7120
951 -3098 7842
243 1854 8988
419 820 7830
94 290 9538
-178 1702 8142
-248 1166 6800
-230 818 7178
-232 226 7326
-47 554 7102
86 810 7216
307 -16 7528
297 402 7056
495 504 6992
461 524 7262
508 1220 7150
497 1112 7010
412 1052 6966
373 870 6960
397 722 7034
482 536 7096
564 514 6934
529 610 6872
456 868 6884
384 858 6868
368 822 6760
307 1010 6800
191 996 6704
123 992 6930
80 846 6844
56 780 6980
149 530 7202
206 730 7160
285 842 7012
372 712 7012
596 724 7010
816 974 7100
969 612 7008
1014 810 7170
1252 820 7028
1405 634 7090
1713 514 7052
1924 636 6820
2191 386 7238
2474 360 7382
2926 642 7000
3278 852 7134
3961 1082 7204
4551 894 7090
5282 1488 7124
5948 112 8014
7501 -48 7456
8509 424 8688
9838 880 8382
10371 1622 7086
12711 932 8768
14126 1316 6818
15871 2760 8536
16536 4590 8606
16410 5268 9670
15839 1892 10140
14121 3008 10416
12616 3388 11726
10759 2000 15370
9230 3856 15456
3362 4658 21538
4059 11846 23692
-1351 10046 29044
-3015 10002 17294
-5344 8380 15014
-5748 5014 9426
-6051 3344 7748
-6658 2410 7638
-7883 3258 8072
-8601 3600 8244
-9466 3584 7500
-9849 3192 7140
-10358 2670 7468
-10892 1912 9516
-11583 928 6498
-11887 -82 6068
-11728 92 6234
-11385 178 5838
-10833 586 6356
-10447 714 7250
-10069 782 7882
-9809 500 8170
-9223 208 8490
-8758 96 9280
-8265 344 10642
-8281 1064 12200
-8540 82 12684
-8936 640 11958
-9288 1828 10796
-9249 3144 8232
-8739 3722 7232
-8318 3838 6716
-7899 3092 6552
-7710 1410 4636
-7120 314 1546
-6368 -354 -826
-4927 -1642 -2480
-4289 -5080 -4476
-3482 -5652 -6694
-2629 -5844 -8358
-729 -5086 -8488
643 -3468 -6552
2280 -2638 -3950
2993 -2290 288
8183 7346 -1862
7793 5306 -4384
7805 4468 16404
8889 -1520 5512
11606 -4552 8094
12394 -5358 14652
12567 -2766 10568
11713 21122 26382
8842 12192 5182
5688 -19646 24344
2882 -13016 5394
463 -8944 16414
-362 2178 7292
157 618 6896
-33 432 7084
-73 946 7258
-92 518 7036
97 268 7144
54 742 6656
120 396 6880
214 -46 7030
192 72 7278
397 1136 6762
237 710 6566
251 532 6614
159 626 6694
113 520 6648
42 532 6644
2 428 6736
-33 498 6744
-44 500 6696
-102 498 6730
-121 532 6756
-103 578 6814
-71 538 6816
-82 500 6280
-70 458 6708
-56 436 6742
-60 408 6842
-39 440 6888
-47 560 6856
-54 502 6872
-56 352 6844
-50 392 6818
-38 364 6906
-18 458 6844
0 506 6916
27 496 6814
29 530 6758
79 570 6844
96 598 6852
106 560 6780
83 470 6738
-11 248 6648
-32 282 6840
-24 704 6828
-21 514 6834
-56 428 6878
-102 496 6716
-138 382 6812
-159 684 6722
-80 -14 8430
-78 536 6794
-73 516 6750
6 678 6822
82 388 6866
118 460 6904
144 474 6808
138 414 6792
99 428 6760
62 542 6768
13 638 6794
-13 506 6790
-54 528 6786
-65 458 6702
-38 504 6734
34 472 6914
89 396 6782
88 518 6972
99 452 7054
91 506 6806
68 520 6740
57 588 6856
55 536 6788
38 502 6798
33 518 6824
26 546 6822
48 482 6716
71 486 6986
136 468 6924
139 382 6794
151 422 6762
111 448 6762
86 492 6826
82 500 6792
69 494 6756
33 460 6686
14 476 6810
-6 506 6800
-23 506 6796
-7 578 6732
-3 506 6850
4 432 6816
-8 474 6774
-40 484 6726
-86 488 6772
-135 504 6692
-178 556 6748
-247 524 6768
-258 492 6752
-294 474 6748
-294 388 6814
-274 566 6902
-247 472 6934
-183 528 6712
-181 468 6960
-129 444 6788
-118 476 6866
-125 528 6886
-127 494 6864
-122 580 6888
-115 576 6898
-110 556 6916
-108 544 6844
-107 530 6898
-118 574 6920
-80 590 6890
-65 520 6932
-66 530 6880
-68 538 6924
-51 600 6942
-38 586 6892
-35 520 6876
-31 542 6934
-36 558 6904
-33 538 6886
-35 552 6914
-31 574 6852
-22 582 6920
-29 616 6940
-17 588 6896
-24 528 6820
-14 586 6890
-15 606 6934
-10 580 6898
0 626 6844
-12 612 6888
-14 584 6856
-31 520 6916
-42 576 6916
-58 594 6952
-56 596 6916
-51 612 6910
-14 540 6980
3 572 7010
25 552 6894
27 588 6904
46 614 6902
47 608 6912
52 618 6952
67 584 6844
59 592 6884
64 614 6888
72 674 6878
87 594 6926
84 608 6928
110 574 7020
125 624 6870
115 564 6912
113 610 6894
93 658 6876
103 624 6900
101 594 6930
118 588 6944
104 554 6894
105 574 6862
83 572 6840
90 618 6872
109 628 6950
112 614 6886
123 550 6880
105 508 6836
102 588 6900
88 676 6836
82 580 6828
78 550 6920
71 582 6822
48 584 6852
36 562 6848
25 618 6836
50 586 6902
64 580 6874
79 516 6830
77 512 6786
71 582 6878
53 554 6838
54 598 6792
47 582 6812
31 564 6834
28 576 6788
-1 544 6812
