0 2
1 0
2 -8
3 -10
4 -11
5 1
6 -3
7 -7
8 -9
9 -21
10 -6
11 -1
12 1
13 22
14 16
15 14
16 20
17 17
18 19
19 9
20 13
21 13
22 9
23 34
24 63
25 134
26 239
27 207
28 92
29 91
30 136
31 65
32 68
33 -52
34 -140
35 -47
36 135
37 293
38 582
39 784
42 989
43 663
44 -23
45 -485
46 -897
116 -70
117 142
118 323
119 327
120 438
121 667
123 683
124 733
125 802
126 720
127 886
129 1000
172 -547
240 523
241 594
242 667
243 738
244 702
245 546
246 424
247 428
248 468
249 543
250 549
251 600
252 560
253 600
254 759
255 777
257 652
261 506
262 -195
290 177
353 242
354 295
355 500
356 597
357 584
358 971
360 943
362 968
363 812
364 752
365 640
366 620
367 565
368 736
369 599
370 502
371 504
372 714
373 515
374 645
375 582
376 737
377 764
378 714
380 854
381 968
407 -465
467 162
468 387
469 593
470 600
471 787
472 901
492 902
493 949
494 669
523 76
583 343
584 175
585 96
586 212
587 269
588 339
589 434
590 397
591 491
592 566
593 723
594 828
595 866
596 779
597 733
598 760
599 693
600 641
601 553
602 516
603 512
604 562
605 562
606 552
607 609
608 651
609 592
610 589
611 413
612 432
613 616
614 546
615 953
711 -133
712 -4
713 114
714 221
715 290
716 261
717 632
718 581
719 454
720 348
721 210
722 159
723 96
724 64
725 126
726 133
727 171
728 199
729 207
730 171
731 145
732 87
733 6
734 14
735 48
736 112
737 169
738 135
739 200
740 259
741 317
742 322
743 282
744 219
745 180
746 177
747 141
748 71
749 -30
750 -76
751 -108
752 -91
753 -99
754 -157
755 -61
756 -8
757 63
758 79
759 58
760 7
761 64
762 67
763 80
764 105
765 94
766 145
767 210
768 300
769 343
770 340
771 326
772 321
773 332
774 346
775 325
776 309
777 360
778 400
779 466
780 497
781 542
782 561
783 564
784 545
785 504
786 425
787 308
788 269
789 229
790 178
791 91
792 65
793 26
794 -62
795 -93
796 -127
797 -154
798 -185
799 -206
800 -206
801 -187
802 -160
803 -145
804 -116
805 -96
806 -31
807 -15
808 39
809 61
810 116
811 155
812 190
813 194
814 187
815 150
816 104
817 84
818 37
819 9
820 -16
821 -42
822 -76
823 -93
824 -72
825 -149
826 -105
827 -96
828 -96
829 -95
830 -73
831 27
832 20
833 61
834 80
835 111
836 131
837 171
838 170
839 183
840 176
841 142
842 123
843 120
844 95
845 91
846 81
847 80
848 79
849 89
850 103
851 125
852 100
853 90
854 66
855 60
856 60
857 85
858 118
859 140
860 140
861 129
862 141
863 172
864 177
865 204
866 189
867 196
868 195
869 208
870 206
871 190
872 167
873 130
874 130
875 116
876 114
877 104
878 80
879 57
880 28
881 34
882 31
883 34
884 11
885 -5
886 -15
887 -16
888 -14
889 -13
890 3
891 27
892 43
893 50
894 66
895 55
896 61
897 69
898 76
899 70
900 73
901 73
902 84
903 86
904 80
905 68
906 52
907 29
908 23
909 20
910 3
911 -6
912 -11
913 1
914 8
915 10
916 29
917 17
918 -3
919 -11
920 0
921 -15
922 -7
923 -7
924 -29
925 -37
926 -49
927 -52
928 -48
929 -59
930 -88
931 -76
932 -80
933 -81
934 -57
935 -33
936 -25
937 -14
938 -12
939 -23
940 -23
