179 -8433
180 -8987
181 -9374
182 -9744
183 -10016
184 -9668
185 -9602
186 -9418
187 -9503
188 -9844
189 -9982
190 -10149
191 -10188
192 -9964
193 -9865
194 -9879
195 -9946
196 -9868
197 -9731
198 -9358
199 -9024
200 -8478
201 -8232
202 -8204
203 -8460
204 -8992
205 -9395
206 -9619
207 -9273
208 -8379
296 -8062
297 -8541
298 -9458
299 -10207
300 -10872
301 -10911
302 -11156
303 -11201
304 -11240
305 -11183
306 -10960
307 -10890
308 -10994
309 -11088
310 -11121
311 -11097
312 -10889
313 -10725
314 -10670
315 -10541
316 -10193
317 -9869
318 -9382
319 -9245
320 -9510
321 -9798
322 -9925
323 -9754
324 -9308
325 -8400
412 -8308
413 -9206
414 -10533
415 -11091
416 -11314
417 -11052
418 -10762
419 -10786
420 -10625
421 -10604
422 -10466
423 -10350
424 -10219
425 -10088
426 -9976
427 -9869
428 -9635
429 -9242
430 -8976
431 -8753
432 -8560
433 -8571
434 -8852
435 -9214
436 -9554
437 -9460
438 -8873
439 -8407
530 -8210
531 -8512
532 -8833
533 -8989
534 -9505
535 -9834
536 -10081
537 -10200
538 -10166
539 -10214
540 -10329
541 -10316
542 -10193
543 -10161
544 -9957
545 -9807
546 -9715
547 -9756
548 -9855
549 -9978
550 -10211
551 -10358
552 -10456
553 -10336
554 -9971
555 -9652
556 -9103
557 -8559
558 -8178
648 -8144
649 -8997
650 -9914
651 -10040
652 -10228
653 -10380
654 -10400
655 -10414
656 -10679
657 -10616
658 -9987
659 -9452
660 -8818
661 -8611
662 -8392
663 -8080
