2 526 7102
0 522 7068
-8 506 7116
-10 514 7092
-11 536 7126
1 548 7036
-3 522 7158
-7 506 7148
-9 492 7104
-21 526 7082
-6 522 7150
-1 512 7140
1 510 7136
22 524 7132
16 514 7122
14 498 7182
20 534 7112
17 506 7114
19 502 7162
9 564 7184
13 536 7182
13 578 7132
9 574 7110
34 568 7176
63 488 7150
134 544 7376
239 546 7300
207 418 7020
92 728 7076
91 894 7242
136 926 7148
65 988 7288
68 756 7208
-52 928 6866
-140 962 7104
-47 908 7248
135 1182 7080
293 1268 7122
582 1456 7192
784 540 7732
1530 764 8082
1708 1864 10238
989 3934 13048
663 4568 15302
-23 4694 13380
-485 3498 12182
-897 2504 11202
-1083 1834 10654
-1370 1762 10700
-1584 1798 10826
-1820 1890 10470
-1906 1866 9986
-1901 2364 9426
-1870 2554 9656
-1956 2754 10242
-2207 3172 10602
-2512 3646 10366
-2589 3700 9298
-2581 3420 9088
-2616 3446 9512
-2804 3514 9918
-2901 3150 9650
-2917 2846 9236
-2841 2612 8770
-2645 2336 8620
-2513 1898 8870
-2411 1612 9332
-2431 1582 9452
-2454 1510 9348
-2461 1340 9170
-2500 1118 9070
-2588 950 9356
-2847 922 9184
-2990 926 8410
-2997 954 7674
-2923 1096 7530
-2877 1114 7372
-2865 1114 7218
-2820 1050 6904
-2795 802 6972
-2846 934 7158
-2937 904 7304
-3228 526 7606
-3534 -248 6636
-3688 -410 5562
-3638 -582 4724
-3536 -418 4372
-3306 -136 3476
-2907 24 2368
-2541 286 1382
-2042 652 1046
-1583 1374 -338
-947 1440 -932
206 1234 -1476
1275 1486 -1282
1983 1844 -1272
2992 1646 -716
3566 1166 68
4582 1318 -190
5491 1620 476
7631 28 16240
5685 8396 32767
8730 -808 -14616
11789 -9408 2982
12099 -11812 17206
12372 1272 17306
11490 12502 27418
8804 20962 12424
1447 -16520 16056
952 -1430 7008
1142 4738 6706
852 -812 10198
448 3878 5884
-145 794 8074
-110 632 8156
-70 24 6796
142 -68 7594
323 42 7496
327 -180 7134
438 138 7470
667 420 7090
1174 376 8918
683 1628 5218
733 946 6642
802 1118 7092
720 1000 7302
886 1004 7166
1021 584 7200
1000 588 7002
1031 440 7056
1099 512 7128
1245 896 7108
1230 892 6788
1261 74 6436
1399 958 7094
2031 -766 2194
1857 444 7042
1497 270 5692
1546 510 6984
1686 758 7002
1791 690 6226
1679 928 6552
1807 686 7028
2276 1120 5230
1861 494 6008
1659 958 6280
1788 882 6346
1719 1098 5764
1227 1120 5506
2257 996 6716
2946 1188 5366
3203 418 7514
4074 348 7856
4749 702 6856
5273 1262 6320
6000 1154 6120
6586 518 7902
7650 1718 7832
8281 324 6032
9270 1376 7728
11067 -326 8702
12407 2044 8518
15296 1400 5166
16955 798 6144
16540 1746 7808
15820 1288 9802
14973 4030 15466
12988 2282 10612
10222 5438 14408
7216 13664 12014
3072 16138 31324
-547 16718 32382
-3453 10160 24946
-6588 5566 13722
-6834 5056 10832
-6961 3334 8108
-7229 3448 7992
-7957 4140 8380
-8433 4462 7964
-8987 4394 7424
-9374 3896 7150
-9744 3634 6058
-10016 3948 6396
-9668 3010 5904
-9602 2464 4238
-9418 3340 6236
-9503 4040 7062
-9844 4610 7632
-9982 4528 7592
-10149 3922 7248
-10188 3486 7372
-9964 3396 7050
-9865 2230 8444
-9879 1622 8430
-9946 1830 9320
-9868 1646 9400
-9731 1226 9198
-9358 1130 9120
-9024 1054 9074
-8478 1354 9326
-8232 1806 10606
-8204 1840 11872
-8460 3042 13594
-8992 3336 13920
-9395 2966 12320
-9619 244 9380
-9273 -476 5046
-8379 -798 3570
-7978 -1668 636
-7646 -3130 -3564
-6195 -4534 -10624
-4506 -4630 -13166
-1406 -2576 -13352
705 -2312 -11026
2949 -2744 -6340
3759 -3356 -2844
4582 -3082 -1992
5301 -1842 -940
6570 -532 1294
7615 -4220 10404
8555 4616 10276
12915 -4424 -7434
15502 -7804 13618
13339 -2410 32226
10258 18888 32767
6750 12178 10060
5230 -19316 18036
2487 -10848 5808
914 360 7498
293 458 7048
-141 134 8082
-228 1366 7352
-216 732 7126
-156 564 7640
-177 318 7504
-40 164 7460
68 1098 7332
97 410 7410
523 662 7632
594 542 7534
667 708 7592
738 678 7190
702 1286 7232
546 1330 7166
424 80 7586
428 462 7042
468 496 7258
543 70 7316
549 148 7002
600 572 7262
560 594 7598
600 376 7158
759 502 6090
777 522 7624
1821 -52 856
652 302 8508
1569 1286 6582
1290 1620 8740
1973 -2252 1144
506 4420 15988
-195 1380 12562
1485 394 11250
1711 1128 6884
2261 -900 11598
2381 -522 5668
2669 1506 7144
3166 114 7368
3838 1470 6050
4358 488 5928
4660 436 6054
4698 708 9412
6123 232 8342
6968 -706 8562
8250 1586 7510
8974 1748 10392
9548 492 4494
11556 2420 8046
12873 1564 7198
15732 436 7062
16741 1196 5940
18154 458 9812
17641 3030 8198
15862 2712 12012
14225 1368 13572
12445 8458 25124
9628 10162 14302
7162 8212 27268
4383 9776 21436
177 11984 32767
-3446 9494 21344
-5671 4022 13994
-6408 3994 11824
-6905 4100 8764
-6893 4644 6248
-8062 5484 8442
-8541 5876 8564
-9458 5670 8732
-10207 4718 9962
-10872 4192 8804
-10911 2912 5118
-11156 2438 5986
-11201 2334 6376
-11240 1762 5842
-11183 1384 6672
-10960 1330 7100
-10890 950 8154
-10994 1050 8756
-11088 1328 9264
-11121 2108 9738
-11097 928 8784
-10889 680 9590
-10725 172 10160
-10670 -530 10260
-10541 -472 9936
-10193 -222 9686
-9869 286 9554
-9382 1022 10468
-9245 2212 13068
-9510 3404 13224
-9798 2914 12998
-9925 1866 10824
-9754 -372 6134
-9308 -1166 3278
-8400 -2076 -994
-7358 -3242 -5372
-6230 -5592 -11934
-4597 -5444 -14426
-1434 -2948 -14710
1348 -1378 -9738
2462 -198 -3966
3151 -84 -1280
3542 148 1838
3690 2040 3694
4095 4240 3880
4616 10760 7646
5679 27556 15212
9846 -8576 -9704
12971 -22342 15582
13023 -12544 27616
12773 -9074 17626
10315 4816 12576
8720 1180 19038
5348 -3770 8994
3581 -5448 6590
2651 3826 8514
1188 -2280 9072
249 2532 7776
379 1830 6394
24 1206 7510
-2 864 7916
242 50 7582
295 670 7576
500 -40 7454
597 560 7624
584 -594 7828
971 242 8310
1034 1340 6102
943 1190 7562
1043 2116 6124
968 1096 6960
812 1658 6684
752 1240 6690
640 1512 6432
620 1608 6356
565 1348 6592
736 1208 6014
599 1736 6694
502 1804 9242
504 1328 7302
714 2510 5550
515 1736 5774
645 2452 5510
582 1748 6114
737 2888 5084
764 1948 6194
714 1664 6374
1067 1552 5228
854 1226 8072
968 1226 8320
1303 542 7588
1564 452 6620
1650 254 6862
1778 688 7740
2484 1346 8454
2977 898 6630
3641 1292 7040
4403 624 7076
5028 906 8006
5805 1704 6488
6663 -1280 7300
7922 -376 8396
8869 -1670 7096
10241 -3392 8262
12020 938 7072
13273 46 6138
15617 4938 12382
16841 1318 7514
17854 5828 14326
16954 -2458 14684
14232 2016 11062
12554 3006 12632
9538 2922 15092
7010 8184 21118
3391 8068 29274
-465 11132 32767
-4581 5792 22618
-6457 4290 17534
-7468 3698 13036
-7238 4822 8438
-8308 5440 10472
-9206 6306 10788
-10533 6632 9032
-11091 6146 7456
-11314 3900 5322
-11052 3372 4436
-10762 4454 4684
-10786 4248 5664
-10625 4108 5632
-10604 3960 6420
-10466 4068 7086
-10350 4120 7142
-10219 3980 7432
-10088 4442 8310
-9976 4158 8306
-9869 3788 8728
-9635 3256 8686
-9242 2666 9306
-8976 2444 9910
-8753 2220 10746
-8560 2066 11678
-8571 2506 12608
-8852 2742 13772
-9214 3400 12982
-9554 2972 11352
-9460 1148 8160
-8873 208 6582
-8407 -1252 4500
-7705 -3676 2716
-7297 -5410 -1896
-6752 -5058 -7114
-5094 -6322 -12886
-3479 -6154 -15296
-350 -3828 -13988
1664 -2818 -9980
3366 -2290 -2810
3782 -1956 372
3871 -1106 4356
3639 -254 3410
4057 1936 4596
4424 7590 21230
7936 20210 -2522
10532 -16708 -11766
14761 -13200 20162
13855 3372 4652
12127 28368 21040
5019 -20474 19294
3237 -17042 12608
4026 12802 3942
1291 3286 10424
501 2198 8164
532 1728 8170
268 1072 7330
104 2142 6492
162 1296 7706
387 482 7466
593 150 6290
600 602 7418
787 714 7690
901 418 6118
1067 408 7196
1078 708 7428
1112 1422 7752
1057 1268 7106
1151 1164 6924
1144 1156 6856
1127 1194 6812
1168 892 6918
1219 1004 7000
1204 1090 6878
1179 896 6608
1175 974 6012
1148 1806 6182
1205 1634 6214
1206 1162 5954
1169 1748 6346
1117 1530 6260
1161 1348 5754
1167 904 5296
902 1032 6346
949 374 6542
669 812 6914
1320 -162 5298
1384 956 7200
1333 676 6318
1389 1146 6924
1647 852 6572
2089 746 6532
2249 1158 6588
2693 1206 7332
3217 970 6928
4215 558 6548
4172 852 9106
5034 924 6964
5925 484 7618
7321 892 7792
8034 2814 6466
9126 1176 5288
10466 -2290 9812
12015 716 7300
13759 1414 7338
15361 2990 8550
16530 5582 9554
16571 2912 7484
15739 2232 16390
14468 -1068 12522
10669 1014 14676
9004 8208 17874
6684 4476 18146
3499 20228 26000
76 9788 32767
-4892 7856 20212
-6601 3818 14830
-6831 3842 8766
-6847 4474 7474
-7209 5312 7688
-7845 5668 7756
-8210 5598 7004
-8512 5078 6234
-8833 4480 6030
-8989 3804 5506
-9505 4212 5028
-9834 5398 6560
-10081 5700 5898
-10200 5540 5668
-10166 4920 6088
-10214 4620 6698
-10329 4430 6928
-10316 5070 7884
-10193 4626 7870
-10161 4580 7522
-9957 4830 9180
-9807 4590 10170
-9715 4364 11096
-9756 3668 12026
-9855 2802 12762
-9978 1970 13214
-10211 1676 13144
-10358 1486 12510
-10456 1886 11578
-10336 2738 9804
-9971 2460 8316
-9652 -356 5940
-9103 -2118 3844
-8559 -5770 1376
-8178 -4748 -1852
-7811 -3112 -11550
-6607 -4506 -16592
-3146 -3440 -17002
-655 -3178 -15060
2179 -4080 -9540
3869 -4788 -5592
4515 -4238 -24
4664 -3108 1952
4347 -934 4470
3861 14506 29256
7408 12206 60
8736 -9266 -4206
14030 -21264 16766
10692 32767 32767
7430 14846 4248
4301 -24132 10790
4368 -7622 9730
2719 6040 6902
1679 -714 9492
942 696 7870
478 -540 8496
488 2236 7370
378 1402 6816
343 -146 6976
175 808 7610
96 284 7432
212 270 7462
269 278 7368
339 242 7194
434 248 7042
397 538 7486
491 782 6986
566 1350 7106
723 2052 8076
828 1560 7050
866 1208 6838
779 1208 6726
733 1148 6898
760 914 7190
693 660 6922
641 472 7032
553 632 6864
516 1470 6520
512 1138 6596
562 1216 6640
562 1072 6520
552 1478 6476
609 1224 6646
651 940 4498
592 816 6934
589 1988 6738
413 1820 7992
432 808 7358
616 388 8572
546 -596 6492
953 1092 5816
1114 1036 7768
1307 360 6906
1406 726 6774
1734 1146 6124
1885 856 6952
2098 122 6262
2799 1048 6596
3400 1398 7090
3864 1502 7650
4890 -182 5946
5578 1080 6108
6216 124 6264
7273 -360 7392
8307 2890 7932
9326 -242 10290
11030 1434 7842
12236 3690 9714
14430 3902 10166
15658 3346 8920
16199 2318 10050
15901 1534 12408
15184 2212 13526
12465 2920 12670
11226 188 11454
7878 3750 16696
4120 7990 32767
1535 24818 18958
-1967 11872 25992
-5090 6594 14906
-5834 3780 11056
-6448 1746 8304
-6960 2070 8146
-8144 2412 8998
-8997 3388 8206
-9914 3860 7238
-10040 3550 4946
-10228 3702 5950
-10380 1596 4348
-10400 2638 7094
-10414 1910 7146
-10679 2314 7542
-10616 2832 6606
-9987 2866 6052
-9452 3696 6944
-8818 4368 8336
-8611 3986 10118
-8392 3344 9906
-8080 1440 10630
-7571 634 9868
-7416 1178 10158
-7392 1228 10048
-7180 1868 8508
-6726 2342 7704
-6358 4318 7222
-6020 5128 7700
-5982 4954 7834
-6062 4614 7378
-6086 3820 6846
-6182 2668 6542
-6244 2042 6114
-6288 1604 5438
-6235 844 3954
-5936 398 2660
-5548 -782 -278
-4673 -1692 -2602
-3897 -3128 -5390
-3044 -3546 -6404
-1758 -2304 -5250
-1090 -1134 -3942
-199 -652 -2610
788 -894 -2270
1440 -834 -678
2085 -174 680
2266 -194 2550
2052 -94 4356
1785 420 4386
2124 80 2818
4031 10184 7302
7558 14948 13792
10621 -13056 -9886
14656 -20254 5684
16292 -8980 13132
17303 -3382 6672
15839 26054 32767
5765 -30218 10362
1962 4206 16858
809 -268 -1946
544 1644 7050
442 -284 8060
174 2412 5822
-50 328 7252
-147 1506 6940
-295 588 6876
-251 842 6974
-133 746 6708
-4 206 6780
114 794 6892
221 188 7112
290 140 7082
261 1078 5882
632 428 3540
581 870 8546
454 1048 7292
348 826 6602
210 598 6770
159 530 6964
96 478 6868
64 618 6882
126 462 6664
133 548 6830
171 582 6916
199 518 6914
207 440 6910
171 542 6852
145 296 6814
87 128 7896
6 454 6526
14 462 6696
48 426 6970
112 338 6934
169 118 6770
135 140 6900
200 424 6922
259 386 6874
317 420 6786
322 452 6832
282 382 6734
219 352 6678
180 268 6814
177 440 6756
141 612 6726
71 368 6536
-30 270 6754
-76 226 6690
-108 386 6834
-91 496 6718
-99 298 6824
-157 434 6596
-61 764 6708
-8 316 6872
63 236 6820
79 296 6836
58 356 6760
7 342 6884
64 392 6822
67 328 6808
80 498 6882
105 442 6750
94 382 6812
145 418 6982
210 280 6860
300 242 6832
343 308 6766
340 288 6660
326 294 6760
321 462 6782
332 540 6804
346 452 6718
325 444 6748
309 578 6656
360 482 6732
400 398 6748
466 252 6694
497 182 6696
542 178 6630
561 172 6670
564 214 6610
545 312 6564
504 400 6466
425 394 6460
308 382 6432
269 532 6536
229 446 6500
178 312 6134
91 434 6552
65 264 6488
26 224 6356
-62 290 6432
-93 416 6494
-127 316 6512
-154 418 6510
-185 314 6478
-206 362 6606
-206 432 6664
-187 396 6670
-160 376 6654
-145 368 6616
-116 384 6664
-96 358 6702
-31 374 6722
-15 400 6640
39 374 6596
61 356 6578
116 450 6556
155 466 6592
190 310 6600
194 364 6578
187 326 6466
150 286 6494
104 422 6466
84 440 6596
37 342 6510
9 370 6706
-16 464 6550
-42 382 6456
-76 388 6564
-93 472 6552
-72 414 6882
-149 510 6238
-105 400 6554
-96 412 6628
-96 400 6584
-95 366 6572
-73 318 6664
27 350 6480
20 312 6542
61 340 6538
80 404 6590
111 408 6708
131 448 6662
171 362 6512
170 416 6556
183 392 6526
176 376 6492
142 388 6556
123 486 6496
120 392 6530
95 418 6606
91 430 6584
81 370 6528
80 356 6560
79 316 6584
89 428 6524
103 474 6218
125 364 6594
100 350 6566
90 394 6552
66 372 6466
60 424 6598
60 452 6548
85 424 6600
118 406 6570
140 348 6458
140 318 6494
129 404 6496
141 412 6608
172 438 6460
177 388 6538
204 368 6592
189 362 6492
196 412 6482
195 358 6542
208 450 6556
206 446 6484
190 358 6430
167 374 6450
130 334 6418
130 422 6440
116 376 6418
114 384 6454
104 388 6346
80 362 6418
57 386 6480
28 396 6450
34 452 6494
31 374 6476
34 438 6474
11 442 6392
-5 378 6458
-15 418 6408
-16 384 6452
-14 368 6450
-13 456 6410
3 448 6394
27 336 6430
43 350 6466
50 324 6478
66 388 6418
55 448 6362
61 398 6410
69 420 6532
76 376 6442
70 378 6426
73 446 6454
73 454 6488
84 394 6392
86 402 6464
80 368 6368
68 382 6376
52 396 6364
29 424 6444
23 458 6418
20 450 6406
3 470 6280
-6 432 6714
-11 502 6398
1 456 6438
8 418 6448
10 442 6454
29 406 6438
17 404 6410
-3 446 6416
-11 430 6516
0 456 6362
-15 438 6454
-7 420 6410
-7 436 6402
-29 400 6348
-37 500 6456
-49 436 6408
-52 466 6466
-48 466 6432
-59 404 6460
-88 456 6396
-76 426 6410
-80 418 6448
-81 398 6512
-57 448 6446
-33 434 6466
-25 400 6452
-14 396 6476
-12 384 6458
-23 388 6406
-23 388 6406
